[array([[-1999998.,   999999.,  1000000.,        0.,  1000000.,        0.,
        -8000000.],
       [       1.,        0.,       -1.,        1.,        0.,        0.,
               3.],
       [       1.,       -1.,        0.,        0.,       -1.,        1.,
               5.]]), array([[       0.,   999999.,  -999998.,  1999998.,  1000000.,        0.,
        -2000006.],
       [       1.,        0.,       -1.,        1.,        0.,        0.,
               3.],
       [       0.,       -1.,        1.,       -1.,       -1.,        1.,
               2.]]), array([[      0.,       1.,       0., 1000000.,       2.,  999998.,
            -10.],
       [      1.,      -1.,       0.,       0.,      -1.,       1.,
              5.],
       [      0.,      -1.,       1.,      -1.,      -1.,       1.,
              2.]])]